Dogfood_DevMain     : ea4a4090-de26-49d7-93c1-91bff9e53fc3 (220128-1735) : 16.0.14927.20000
Dogfood_CC          : f3260cf1-a92c-4c75-b02e-d64c0a86a968 (220128-0550) : 16.0.14827.20170
Dogfood_DCEXT       : c4a7726f-06ea-48e2-a13a-9d78849eb706 (201110-1308) : 16.0.11929.20974
Dogfood_FRDC        : 834504cc-dc55-4c6d-9e71-e024d0253f6d (200305-2054) : 16.0.11929.20562

Microsoft_DevMain   : b61285dd-d9f7-41f2-9757-8f61cba4e9c8 (220127-0525) : 16.0.14924.20002
Microsoft_CC        : 5462eee5-1e97-495b-9370-853cd873bb07 (220128-0630) : 16.0.14827.20168
Microsoft_LTSC2021  : 86752282-5841-4120-ac80-db03ae6b5fdb (220119-1815) : 16.0.14332.20227
Microsoft_FRDC      : 9a3b7ff2-58ed-40fd-add5-1e5158059d1c (220111-1625) : 16.0.14326.20738
Microsoft_DC        : f4f024c8-d611-4748-a7e0-02b6e754c0fe (220123-2205) : 16.0.14326.20738
Microsoft_LTSC      : 1d2d2ea6-1680-4c56-ac58-a441c8c24ff9 (220128-1845) : 16.0.10383.20027

Insiders_DevMain    : 5440fd1f-7ecb-4221-8110-145efaa6372f (220125-1705) : 16.0.14922.20000
Insiders_CC         : 64256afe-f5d9-4f86-8936-8840a6a4f5be (220125-1525) : 16.0.14827.20158
Insiders_FRDC       : b8f9b850-328d-4355-9145-c59439a0c4cf (220117-1515) : 16.0.14326.20738
Insiders_LTSC       : 2e148de9-61c8-4051-b103-4af54baffbb4 (200310-1438) : 16.0.10351.20054

Production_CC       : 492350f6-3a01-4f97-b9c0-c7c6ddf67d60 (220126-1835) : 16.0.14827.20158
Production_LTSC2021 : 5030841d-c919-4594-8d2d-84ae4f96e58e (220119-1815) : 16.0.14332.20216
Production_MEC      : 55336b82-a18d-4dd6-b5f6-9e5095c314a6 (220115-1555) : 16.0.14701.20290
Production_DC       : 7ffbc6bf-bc32-4f92-8982-f9dd17fd3114 (220124-1700) : 16.0.14326.20738
Production_LTSC     : f2e724c1-748f-4b47-8fb8-8e0d210e9208 (220119-1820) : 16.0.10382.20034
