
Microsoft_DevMain   : b61285dd-d9f7-41f2-9757-8f61cba4e9c8 (220314-2250) : 16.0.15112.20000
Microsoft_LTSC2021  : 86752282-5841-4120-ac80-db03ae6b5fdb (220314-1715) : 16.0.14332.20255
Microsoft_DC        : f4f024c8-d611-4748-a7e0-02b6e754c0fe (220308-0915) : 16.0.14326.20852

Insiders_LTSC       : 2e148de9-61c8-4051-b103-4af54baffbb4 (200310-1438) : 16.0.10351.20054

Production_CC       : 492350f6-3a01-4f97-b9c0-c7c6ddf67d60 (220314-1615) : 16.0.14931.20132
Production_LTSC2021 : 5030841d-c919-4594-8d2d-84ae4f96e58e (220314-1715) : 16.0.14332.20255
Production_MEC      : 55336b82-a18d-4dd6-b5f6-9e5095c314a6 (220312-1610) : 16.0.14827.20220
Production_DC       : 7ffbc6bf-bc32-4f92-8982-f9dd17fd3114 (220314-1455) : 16.0.14326.20852
Production_LTSC     : f2e724c1-748f-4b47-8fb8-8e0d210e9208 (220314-1725) : 16.0.10384.20023
