Dogfood_DevMain     : ea4a4090-de26-49d7-93c1-91bff9e53fc3 (220720-1635) : 16.0.15519.20000
Dogfood_CC          : f3260cf1-a92c-4c75-b02e-d64c0a86a968 (220720-0725) : 16.0.15427.20142
Dogfood_DCEXT       : c4a7726f-06ea-48e2-a13a-9d78849eb706 (220712-0735) : 16.0.13801.21528
Dogfood_FRDC        : 834504cc-dc55-4c6d-9e71-e024d0253f6d (200305-2054) : 16.0.11929.20562

Microsoft_DevMain   : b61285dd-d9f7-41f2-9757-8f61cba4e9c8 (220721-0450) : 16.0.15519.20000
Microsoft_CC        : 5462eee5-1e97-495b-9370-853cd873bb07 (220719-2350) : 16.0.15427.20130
Microsoft_LTSC2021  : 86752282-5841-4120-ac80-db03ae6b5fdb (220714-2155) : 16.0.14332.20349
Microsoft_FRDC      : 9a3b7ff2-58ed-40fd-add5-1e5158059d1c (220712-0840) : 16.0.14931.20604
Microsoft_DC        : f4f024c8-d611-4748-a7e0-02b6e754c0fe (220712-0820) : 16.0.14931.20604
Microsoft_LTSC      : 1d2d2ea6-1680-4c56-ac58-a441c8c24ff9 (220715-1930) : 16.0.10389.20001

Insiders_DevMain    : 5440fd1f-7ecb-4221-8110-145efaa6372f (220720-1335) : 16.0.15513.20004
Insiders_CC         : 64256afe-f5d9-4f86-8936-8840a6a4f5be (220720-1420) : 16.0.15427.20130
Insiders_FRDC       : b8f9b850-328d-4355-9145-c59439a0c4cf (220718-1500) : 16.0.14931.20604
Insiders_LTSC       : 2e148de9-61c8-4051-b103-4af54baffbb4 (200310-1438) : 16.0.10351.20054

Production_CC       : 492350f6-3a01-4f97-b9c0-c7c6ddf67d60 (220720-1850) : 16.0.15330.20266
Production_LTSC2021 : 5030841d-c919-4594-8d2d-84ae4f96e58e (220714-1715) : 16.0.14332.20345
Production_MEC      : 55336b82-a18d-4dd6-b5f6-9e5095c314a6 (220716-1451) : 16.0.15225.20356
Production_DC       : 7ffbc6bf-bc32-4f92-8982-f9dd17fd3114 (220713-1645) : 16.0.14931.20604
Production_LTSC     : f2e724c1-748f-4b47-8fb8-8e0d210e9208 (220714-1715) : 16.0.10388.20027
